228.98451193246513
175.39545331648097
127.69840081394054
177.50531223669032
216.79673713263102
124.79697264366449
222.66570497126654
179.49748761235168
183.08624315988834
171.4726906812551
141.80449860362484
130.29714557871725
132.8033733525782
245.38569572665762
122.04197812773914
206.8275756448131
218.9631068026732
119.12811491360671
199.72974339303386
130.6763927813904
132.875548544426
119.7086141084072
143.2292918566476
145.40418474471662
121.76958155069853
148.3119138979125
227.56688607321098
224.47725243306908
224.85225106815028
185.80919314936233
247.10667428765527
214.2871865650912
225.07036694821124
172.86240126762354
207.93534578303095
229.01362126320734
132.8795069805744
203.1767612389931
230.16217517278673
137.62723632746474
139.64529041656996
277.81345046924076
110.1448286165459
158.7569827970184
211.98130699891763
137.4346700632127
126.03594342910814
300.49995450959216
200.82159936632658
226.64600824004535
123.629731839413
216.29196478643297
130.69323947609058
194.96518692390055
124.51070275450272
207.83287108869786
128.40869905138604
216.60475015262358
