181.71744644313767
195.1357971439599
190.8771353928945
114.11633073876062
133.4227554448082
215.07620351010505
222.96076606034316
215.57018940664773
211.80139928120767
188.34433059781983
154.03839991557084
214.6091151564367
230.11762397255413
172.95962084657475
136.32385844117573
214.2173500832634
143.50440686611634
204.94741084419158
186.63699518418366
125.55502219883508
156.96767753267125
139.4347535257336
124.44553300736618
231.29984782791047
194.30559243826133
237.7241154961916
203.59250234876353
238.52387665058103
213.31133619773652
214.61218697182417
141.6071412217661
129.15256337908036
126.75268398491787
130.12886543680753
142.04626184766062
175.15010706516435
183.50618444681453
188.83793440597222
169.65586683341553
196.77756560236713
140.24545239256997
264.2395829589984
127.34656712341592
209.55071544831753
173.5764417226215
116.96713046481659
207.27225299393817
181.24216343880516
230.0418057798941
183.3402482283999
177.4598977963826
236.66158099663565
197.948289584113
201.17029985123781
225.62327921647753
209.82421377962703
